Code;Latitude;Longitude;Latcat;Loncat
HOME;38.450667;-90.21635;12845;8978
GC18CB6;38.456267;-90.2992;12845;8970
GC18J3H;38.564717;-90.266783;12856;8973
GCVX07;38.513867;-90.435083;12851;8956
GC14C7C;38.613917;-90.3309;12861;8966
GC10YHT;38.620417;-90.327283;12862;8967
GCCD0A;38.6086;-90.369783;12860;8963
GC17X61;38.6239;-90.345533;12862;8965
GC11B9A;38.623217;-90.36875;12862;8963
GC18EH8;38.551017;-90.47155;12855;8952
GC13QR9;38.545567;-90.475567;12854;8952
GC3640;38.538817;-90.489467;12853;8951
GCKYCQ;38.591133;-90.479833;12859;8952
GC2E0E;38.56365;-90.502083;12856;8949
GCG3F7;38.5208;-90.524033;12852;8947
GCPFN8;38.66935;-90.377683;12866;8962
GC187PW;38.564567;-90.505633;12856;8949
GC3733;38.563217;-90.50855;12856;8949
GC18G8R;38.534633;-90.52905;12853;8947
GCNPB5;38.64895;-90.432717;12864;8956
GC16KAA;38.545567;-90.5347;12854;8946
GC10FGB;38.5358;-90.5398;12853;8946
GC14AW4;38.587;-90.510833;12858;8948
GCZYEM;38.568883;-90.524617;12856;8947
GCABF1;38.5481;-90.536883;12854;8946
GC17WM1;38.235283;-90.424767;12823;8957
GC1C3;38.5549;-90.53575;12855;8946
GC1859;38.700367;-90.0803;12870;8991
GCG9FY;38.54955;-90.540133;12854;8945
GCN6DX;38.640417;-90.467217;12864;8953
GCP0MK;38.552717;-90.543017;12855;8945
GCQKEQ;38.569867;-90.5343;12856;8946
GC16CX1;38.711767;-90.334167;12871;8966
GCGT9H;38.54735;-90.54875;12854;8945
GC7CD6;38.54825;-90.550617;12854;8944
GCT39N;38.55555;-90.547317;12855;8945
GCHQ36;38.54825;-90.553617;12854;8944
GCZQ9F;38.725717;-90.299433;12872;8970
GCZN80;38.732867;-90.29735;12873;8970
GCVZFV;38.595883;-90.538217;12859;8946
GC15JR1;38.513917;-90.578933;12851;8942
GCYT6C;38.735383;-90.294967;12873;8970
GC17Y8V;38.720483;-90.35825;12872;8964
GC18HXP;38.509883;-90.581983;12850;8941
GC10E80;38.73695;-90.296783;12873;8970
GCT17J;38.5201;-90.58055;12852;8941
GCT9B8;38.523817;-90.579833;12852;8942
GCJA5V;38.670417;-90.466783;12867;8953
GC16B07;38.510083;-90.58475;12851;8941
GCT255;38.52245;-90.581417;12852;8941
GC163VV;38.525667;-90.5819;12852;8941
GCT5E7;38.524067;-90.582633;12852;8941
GCE35;38.543;-90.575767;12854;8942
GCRF9F;38.508267;-90.5872;12850;8941
GC10EW3;38.740283;-90.298467;12874;8970
GCRZHD;38.523667;-90.584617;12852;8941
GC17J92;38.730367;-90.3453;12873;8965
GCQZJZ;38.509883;-90.5889;12850;8941
GCRZH5;38.525633;-90.584617;12852;8941
GC1AE9;38.5113;-90.58905;12851;8941
GC16DFK;38.711817;-90.402817;12871;8959
GCM7ZB;38.6425;-90.5105;12864;8948
GCX1WE;38.528333;-90.586333;12852;8941
GCPZJB;38.53345;-90.585133;12853;8941
GCHE3E;38.713567;-90.4038;12871;8959
GCVH6V;38.535867;-90.5881;12853;8941
GC3973;38.717483;-90.40595;12871;8959
GCG88Z;38.716233;-90.415217;12871;8958
GCVH62;38.53855;-90.595883;12853;8940
GC11AQY;38.539617;-90.59705;12853;8940
GC1191E;38.54075;-90.598533;12854;8940
GCKYTZ;38.719483;-90.4202;12871;8957
GC16CX4;38.722883;-90.415283;12872;8958
GC1191D;38.542017;-90.6006;12854;8939
GC4E60;38.58295;-90.581833;12858;8941
GC167BY;38.590517;-90.57895;12859;8942
GC11AQM;38.543933;-90.60285;12854;8939
GCV0PZ;38.540817;-90.60475;12854;8939
GC11GAA;38.544283;-90.604467;12854;8939
GCKC80;38.6008;-90.574717;12860;8942
GC11AQF;38.5445;-90.6061;12854;8939
GC15956;38.60035;-90.576917;12860;8942
GC266A;38.585867;-90.587367;12858;8941
GCV0PN;38.5418;-90.60935;12854;8939
GC11DCR;38.547633;-90.60755;12854;8939
GC11AY2;38.549833;-90.6067;12854;8939
GC140C4;38.680617;-90.5057;12868;8949
GC11TQR;38.55075;-90.60825;12855;8939
GCV89C;38.545217;-90.6118;12854;8938
GCVWE7;38.543;-90.612783;12854;8938
GC11EGD;38.556533;-90.607367;12855;8939
GC11BZG;38.5546;-90.608567;12855;8939
GC11TZN;38.559017;-90.60805;12855;8939
GC1292N;38.567533;-90.604867;12856;8939
GCYV4Z;38.739367;-90.410067;12873;8958
GC1201P;38.561367;-90.608183;12856;8939
GC12AN0;38.542983;-90.616433;12854;8938
GCZ10P;38.7351;-90.424783;12873;8957
GC11ZQQ;38.562167;-90.611483;12856;8938
GCGAHQ;38.588417;-90.600183;12858;8939
GC16DG3;38.727633;-90.447033;12872;8955
GCTX9Q;38.748433;-90.402667;12874;8959
GC177PX;38.542167;-90.623683;12854;8937
GC159ZJ;38.711533;-90.479867;12871;8952
GC151TP;38.73595;-90.435733;12873;8956
GCN2W0;38.715533;-90.474517;12871;8952
GC13CT1;38.665767;-90.54145;12866;8945
GCPG7C;38.701117;-90.497033;12870;8950
GCKFM9;38.714767;-90.476083;12871;8952
GC15NFV;38.597283;-90.599083;12859;8940
GC12JWD;38.669483;-90.538667;12866;8946
GCJYQ6;38.71155;-90.483583;12871;8951
GC17PZR;38.645533;-90.564267;12864;8943
GC167XX;38.60125;-90.599983;12860;8940
GCTJD9;38.721717;-90.4724;12872;8952
GC11E3;38.669833;-90.54635;12866;8945
GCM7ZK;38.672717;-90.544;12867;8945
GCMKG2;38.672033;-90.546967;12867;8945
GCP9PQ;38.584333;-90.617767;12858;8938
GCNGC3;38.7161;-90.493033;12871;8950
GC103QM;38.7519;-90.42745;12875;8957
GC12DFV;38.781317;-90.342817;12878;8965
GC16PCN;38.582167;-90.62485;12858;8937
GC167ZY;38.57925;-90.62645;12857;8937
GCTXA2;38.722533;-90.492383;12872;8950
GCG6E9;38.790017;-90.120383;12879;8987
GCTAFG;38.608;-90.615783;12860;8938
GCP9BN;38.718283;-90.5123;12871;8948
GCVBE9;38.756683;-90.447583;12875;8955
GC18DWK;38.194967;-89.90065;12819;9009
GC16PD0;38.583233;-90.638917;12858;8936
GCYE19;38.586517;-90.641233;12858;8935
GC153WY;38.578433;-90.646333;12857;8935
GCMM99;38.750967;-90.472283;12875;8952
GC16PD5;38.584583;-90.647967;12858;8935
GCWTC1;38.758567;-89.9651;12875;9003
GCTPRF;38.219733;-90.577867;12821;8942
GC12CB4;38.806133;-90.102067;12880;8989
GCTPR9;38.218133;-90.577817;12821;8942
GC15EYM;38.766467;-89.9776;12876;9002
GCRDX9;38.21665;-90.5767;12821;8942
GC11VMZ;38.78085;-90.01045;12878;8998
GCRDXC;38.213767;-90.577417;12821;8942
GC17TVR;38.215;-90.580017;12821;8941
GCN55Z;38.81785;-90.295333;12881;8970
GC18B2G;38.7366;-90.52175;12873;8947
GC10FQ0;38.7997;-90.38645;12879;8961
GCQHVD;38.816467;-90.119617;12881;8988
GCK7BA;38.737183;-90.525683;12873;8947
GCMPEJ;38.724583;-90.546817;12872;8945
GC8AD6;38.827767;-90.214917;12882;8978
GCG6TW;38.50735;-90.693217;12850;8930
GC75B;38.7635;-89.942833;12876;9005
GC8AD8;38.829683;-90.223233;12882;8977
GCPKNF;38.767967;-90.48415;12876;8951
GCV92G;38.7651;-90.4907;12876;8950
GC104JN;38.64895;-90.631767;12864;8936
GCN0A6;38.787533;-89.98435;12878;9001
GCP7QE;38.7718;-90.4837;12877;8951
GCG5H2;38.781417;-89.966133;12878;9003
GC178YW;38.778283;-90.474067;12877;8952
GCVRKD;38.775117;-90.48145;12877;8951
GC74ED;38.777367;-90.48165;12877;8951
GC17QWH;38.78265;-90.471117;12878;8952
GCW6TH;38.7737;-90.4896;12877;8951
GC178XM;38.782117;-90.4733;12878;8952
GC167XB;38.561833;-90.691633;12856;8930
GCZ4NR;38.827867;-90.0956;12882;8990
GCB4C4;38.780133;-90.48195;12878;8951
GCGMD2;38.7839;-90.475;12878;8952
GC9FEE;38.783167;-90.479;12878;8952
GCNNFX;38.53155;-90.70665;12853;8929
GC17JTX;38.062033;-90.283233;12806;8971
GC930C;38.776767;-90.497417;12877;8950
GC17NH2;38.481633;-90.71725;12848;8928
GCT6GR;38.828617;-90.356817;12882;8964
GC17WRT;38.760783;-90.5264;12876;8947
GCQPAQ;38.789383;-90.478167;12878;8952
GCK72V;38.532067;-90.712167;12853;8928
GC177CH;38.841767;-90.303717;12884;8969
GC1758B;38.8102;-89.996117;12881;9000
GCZ3GH;38.838017;-90.0955;12883;8990
GCQZ5J;38.761117;-90.537483;12876;8946
GCQPBE;38.80365;-90.467933;12880;8953
GCEDA3;38.804833;-90.466333;12880;8953
GCDF5F;38.798017;-90.485383;12879;8951
GC1885R;38.816667;-89.983333;12881;9001
GCV68V;38.62405;-90.6899;12862;8931
GCC368;38.8279;-90.423467;12882;8957
GCE87;38.818383;-89.98215;12881;9001
GCTPWV;38.819133;-89.98395;12881;9001
GCYHFX;38.793883;-89.925917;12879;9007
GC118JQ;38.85975;-90.274783;12885;8972
GCT16E;38.77065;-90.54975;12877;8945
GC1230X;38.543083;-90.731983;12854;8926
GC17XJ6;38.767;-90.560383;12876;8943
GCQEVJ;38.779433;-89.889933;12877;9011
GCBB6D;38.86845;-90.226617;12886;8977
GCYP4J;38.864083;-90.127817;12886;8987
GCQ99K;38.86905;-90.182233;12886;8981
GC10HTR;38.03205;-90.248083;12803;8975
GCV61K;38.8656;-90.137767;12886;8986
GC13KAZ;38.862567;-90.1077;12886;8989
GC17WPC;38.742567;-90.6039;12874;8939
GC16QN7;38.767433;-90.570667;12876;8942
GC17EGR;38.030617;-90.251067;12803;8974
GC17WTN;38.7428;-90.605733;12874;8939
GC13X7M;38.76645;-90.57505;12876;8942
GCRQQA;38.617717;-90.712933;12861;8928
GCHXJG;38.871;-90.15015;12887;8984
GC147N7;38.123633;-90.559083;12812;8944
GC2CBE;38.619783;-90.7137;12861;8928
GCNYGW;38.865533;-90.098433;12886;8990
GC147NB;38.1215;-90.561017;12812;8943
GCP4FM;38.7682;-90.583083;12876;8941
GC16AJV;38.8206;-90.491317;12882;8950
GC1880R;38.878033;-90.186267;12887;8981
GC147NM;38.117517;-90.561117;12811;8943
GC147MZ;38.11535;-90.560483;12811;8943
GC18EGX;38.7725;-90.585983;12877;8941
GCR4TZ;38.775233;-90.58275;12877;8941
GCCCD3;38.773667;-90.5865;12877;8941
GCE6E1;38.883917;-90.168667;12888;8983
GCVWKX;38.685183;-90.685183;12868;8931
GC18BCD;38.8319;-90.4889;12883;8951
GCV62M;38.864933;-90.03915;12886;8996
GCYD9W;38.88675;-90.169267;12888;8983
GC11DPY;38.687317;-90.687567;12868;8931
GC18597;38.795883;-90.561733;12879;8943
GCZ14H;38.889767;-90.185983;12888;8981
GC11DPJ;38.68375;-90.695083;12868;8930
GC15PBD;38.892033;-90.188183;12889;8981
GCBE4C;38.678883;-90.708667;12867;8929
GC11DP8;38.682967;-90.706383;12868;8929
GC9AE3;38.80465;-90.5711;12880;8942
GCQV1J;38.683167;-90.709183;12868;8929
GC1039Y;38.901967;-90.207467;12890;8979
GCV2JH;38.899967;-90.162683;12889;8983
GCQVFF;38.657067;-90.734967;12865;8926
GCMBV5;38.6718;-90.726133;12867;8927
GC9508;38.905233;-90.261533;12890;8973
GCN69J;38.9042;-90.143517;12890;8985
GCJXR1;38.6678;-90.732106;12866;8926
GCHGQA;38.665867;-90.73405;12866;8926
GC2526;38.571383;-90.7818;12857;8921
GC16RNW;38.669383;-90.732367;12866;8926
GCVXF3;38.908583;-90.172967;12890;8982
GC16TNE;38.667667;-90.733817;12866;8926
GC16QYR;38.671517;-90.7323;12867;8926
GC11E86;38.90435;-90.117867;12890;8988
GC11DQ4;38.69455;-90.71655;12869;8928
GC16TN8;38.6675;-90.7364;12866;8926
GC16171;38.799417;-90.602767;12879;8939
GCMBV1;38.672867;-90.734083;12867;8926
GC16MEY;38.700033;-90.7138;12870;8928
GC16QR8;38.665617;-90.73985;12866;8926
GCGVJ8;38.475217;-90.807183;12847;8919
GC16PYW;38.699633;-90.716033;12869;8928
GC177T4;38.675383;-90.734433;12867;8926
GC16YA2;38.704533;-90.712233;12870;8928
GC16TN4;38.664067;-90.743133;12866;8925
GCJBFJ;38.910667;-90.136083;12891;8986
GC13XCR;38.914767;-90.226117;12891;8977
GC16QZ2;38.677883;-90.73445;12867;8926
GC16QZ3;38.662833;-90.74495;12866;8925
GC16PMD;38.7052;-90.7138;12870;8928
GC16QYP;38.699417;-90.71945;12869;8928
GC16TMX;38.662133;-90.746717;12866;8925
GCMBTZ;38.6768;-90.73755;12867;8926
GCPBFQ;38.782183;-90.636033;12878;8936
GC16QQN;38.68155;-90.7352;12868;8926
GC16J0A;38.91785;-90.2033;12891;8979
GC179QW;38.685317;-90.73335;12868;8926
GC16XQF;38.69405;-90.727117;12869;8927
GC16QYW;38.698983;-90.72335;12869;8927
GC16QZ6;38.661917;-90.75025;12866;8924
GCBB6B;38.9185;-90.195017;12891;8980
GC177TF;38.687467;-90.733083;12868;8926
GCMNAM;38.690983;-90.730583;12869;8926
GC16HWX;38.705617;-90.718967;12870;8928
GCGVJ2;38.463233;-90.814817;12846;8918
GC16QW1;38.689833;-90.73275;12868;8926
GC17QK3;38.6571;-90.755217;12865;8924
GC16QVQ;38.660683;-90.7531;12866;8924
GC16QQH;38.69345;-90.730333;12869;8926
GC15K7Z;38.659483;-90.7547;12865;8924
GC16QZ0;38.692133;-90.73205;12869;8926
GCECC;38.91185;-90.099083;12891;8990
GCT2VQ;38.4168;-90.815983;12841;8918
GC16TKR;38.658917;-90.756617;12865;8924
GC11EBJ;38.853283;-89.902183;12885;9009
GC10RKY;38.73785;-90.695183;12873;8930
GC16D94;38.705417;-90.72415;12870;8927
GCGY5F;38.03255;-90.495233;12803;8950
GCR657;38.4313;-90.8184;12843;8918
GCC707;38.4267;-90.819133;12842;8918
GCHY6X;38.66135;-90.757883;12866;8924
GCGVHX;38.466233;-90.8207;12846;8917
GCA9F8;38.650183;-90.765517;12865;8923
GCQVPY;38.670467;-90.753233;12867;8924
GC16CQZ;38.708033;-90.72595;12870;8927
GCJBKD;38.74015;-90.697317;12874;8930
GCQR67;38.4285;-90.822217;12842;8917
GCK8NK;38.80055;-90.628517;12880;8937
GC10RKT;38.739117;-90.700267;12873;8929
GCMW25;38.66425;-90.759867;12866;8924
GCXD5A;38.854583;-89.893383;12885;9010
GC173Y2;38.708367;-90.729567;12870;8927
GCFBA0;38.667417;-90.759633;12866;8924
GC17MZY;38.48305;-90.824033;12848;8917
GCGVHH;38.4673;-90.825433;12846;8917
GCGVJB;38.4792;-90.824917;12847;8917
GCGVH7;38.476267;-90.825033;12847;8917
GCG8BY;38.92855;-90.242383;12892;8975
GCA950;38.608717;-90.7938;12860;8920
GC11GP5;38.92855;-90.253517;12892;8974
GCK8TP;38.8029;-90.631683;12880;8936
GC1612G;38.669167;-90.7615;12866;8923
GCMNAJ;38.714367;-90.728833;12871;8927
GC173XZ;38.707667;-90.73495;12870;8926
GCK8NH;38.804567;-90.631533;12880;8936
GC101WJ;38.930583;-90.190233;12893;8980
GC1614A;38.664867;-90.766267;12866;8923
GCZVGP;38.93145;-90.217567;12893;8978
GC15EG6;38.70675;-90.738267;12870;8926
GC11W4X;38.680417;-90.759617;12868;8924
GCZHTA;37.987767;-90.040467;12798;8995
GCMNYK;38.684833;-90.757317;12868;8924
GCMTEZ;38.687683;-90.755783;12868;8924
GCKKQH;38.913567;-90.030933;12891;8996
GCNPTA;38.921533;-90.064;12892;8993
GC140BC;38.7304;-90.728483;12873;8927
GCZYMR;38.923517;-90.059367;12892;8994
GC186W4;38.9295;-90.340233;12892;8965
GC356F;38.931;-90.338667;12893;8966
GCJVBR;37.978983;-90.0459;12797;8995
GCR712;38.944117;-90.20715;12894;8979
GCMCRC;38.688483;-90.773633;12868;8922
GCP288;38.68345;-90.7774;12868;8922
GC140B5;38.734617;-90.738367;12873;8926
GC14DNK;38.623883;-90.8147;12862;8918
GCX352;38.9509;-90.19415;12895;8980
GCAB37;38.640383;-90.809283;12864;8919
GC3091;38.626633;-90.816617;12862;8918
GCCD70;38.626333;-90.817667;12862;8918
GC17MR6;38.4721;-90.857;12847;8914
GC17Z9E;38.958167;-90.207983;12895;8979
GC10T11;38.749667;-90.749033;12874;8925
GC14MT5;38.696217;-90.792117;12869;8920
GC10Z2V;38.721683;-90.774783;12872;8922
GC10Z2T;38.727867;-90.77255;12872;8922
GC3DD;38.090267;-90.6866;12809;8931
GCJTG0;38.79425;-90.7096;12879;8929
GC374E;38.7974;-90.7092;12879;8929
GCTTX4;38.957117;-90.35945;12895;8964
GCMCQV;38.74025;-90.7671;12874;8923
GCWWAD;38.969267;-90.193917;12896;8980
GCDD7A;38.088833;-90.691333;12808;8930
GCJTFK;38.799583;-90.71;12879;8929
GC25F8;38.337333;-90.864467;12833;8913
GCXVKW;38.821433;-90.684933;12882;8931
GCDD7F;38.081567;-90.685983;12808;8931
GC25F9;38.352017;-90.8716;12835;8912
GCZRPF;38.8139;-90.70575;12881;8929
GCNPPQ;38.824183;-90.7065;12882;8929
GC1068A;38.827983;-90.70595;12882;8929
GCA9E4;38.652967;-90.852883;12865;8914
GCW5WZ;38.82415;-90.710783;12882;8928
GC5C5;37.974033;-90.53305;12797;8946
GC11FH8;38.7979;-90.743017;12879;8925
GCW5WB;38.828083;-90.710383;12882;8928
GC6D0;38.984667;-90.343333;12898;8965
GCYETA;37.968467;-90.535467;12796;8946
GCDDD8;37.96055;-90.528383;12796;8947
GC164MJ;38.969617;-90.450433;12896;8954
GC2688;37.955917;-90.5245;12795;8947
GCRXQE;38.7832;-90.779;12878;8922
GCKR29;38.977267;-90.4253;12897;8957
GCDDD1;37.956883;-90.530517;12795;8946
GCYMET;38.96675;-90.469183;12896;8953
GC15YDP;38.971983;-90.462383;12897;8953
GC4778;38.9452;-90.541617;12894;8945
GC182Q2;37.9598;-90.5509;12795;8944
GCTMFZ;38.983083;-90.42985;12898;8957
GCTMG2;38.989733;-90.417667;12898;8958
GC17C3;38.90775;-90.634983;12890;8936
GC17DJ3;38.883467;-89.748383;12888;9025
GC143GJ;38.8848;-89.743317;12888;9025
GC168F;38.9883;-90.461483;12898;8953
GC14DYG;38.884567;-89.737717;12888;9026
GC17DJ0;38.888233;-89.741467;12888;9025
GC13VTW;38.88695;-89.739233;12888;9026
GCE23;38.991833;-90.466667;12899;8953
GCCF26;38.949183;-90.586717;12894;8941
GCWMDF;37.92175;-89.914433;12792;9008
GC133A;38.98805;-90.496717;12898;8950
GC12A3C;38.912867;-90.667417;12891;8933
GC63B;37.873733;-90.306433;12787;8969
GCRXPR;38.799517;-90.811983;12879;8918
GCRRG1;38.802767;-90.809083;12880;8919
GC142C9;38.973583;-90.5443;12897;8945
GCKDMF;37.928933;-90.559517;12792;8944
GC177QB;37.921633;-90.549767;12792;8945
GC3094;38.798917;-90.832283;12879;8916
GCT322;37.913;-90.555;12791;8944
GCJFGF;38.5478;-90.973133;12854;8902
GCGMJA;38.806417;-90.837383;12880;8916
GC13JV8;38.5482;-90.976217;12854;8902
GC131ZC;38.539617;-90.984567;12853;8901
GCQ4ZM;37.87825;-89.945817;12787;9005
GC13J2X;38.551133;-90.987017;12855;8901
GC186XH;37.948217;-89.766067;12794;9023
GC18DHN;37.917133;-89.827617;12791;9017
GC13J2K;38.5528;-90.992783;12855;8900
GCG0M0;38.55375;-90.994933;12855;8900
GC13J22;38.554717;-90.9973;12855;8900
GCJ831;37.828683;-90.227633;12782;8977
GCABF8;38.552533;-91.003133;12855;8899
GC13J37;38.56;-91.0025;12856;8899
GC134XG;39.0719;-90.1109;12907;8988
GCJ82Z;37.819683;-90.232283;12781;8976
GC159BP;37.869717;-90.530517;12786;8946
GCJFGB;38.559167;-91.011867;12855;8898
GCRCAX;38.930717;-90.748017;12893;8925
GCD86A;37.8156;-90.21935;12781;8978
GCNHAJ;39.05125;-89.94815;12905;9005
GCW01N;38.56555;-91.022167;12856;8897
GC213F;38.560683;-91.029867;12856;8897
GCY6ZH;37.842533;-90.4966;12784;8950
GCPM99;37.84045;-90.494767;12784;8950
GCKKNA;39.012983;-89.799767;12901;9020
GCT32A;37.838933;-90.497117;12783;8950
GC13X6Q;37.837817;-90.499117;12783;8950
GCKTG3;37.801117;-90.2925;12780;8970
GC17C5;38.99765;-90.674483;12899;8932
GCPK7A;37.838817;-90.532017;12783;8946
GC11Z48;37.836483;-90.526917;12783;8947
GC1695;39.051483;-90.580367;12905;8941
GC17C8;39.014767;-90.667333;12901;8933
GCKDXD;38.827983;-90.919483;12882;8908
GC171EM;38.3465;-89.375917;12834;9062
GC186WQ;38.385333;-89.3685;12838;9063
GC146GV;37.8003;-90.4302;12780;8956
GC1229K;39.119267;-90.329;12911;8967
GC11WJP;39.12305;-90.310217;12912;8968
GCTT59;38.8306;-90.93325;12883;8906
GC146HB;37.791433;-90.410317;12779;8958
GC146JM;37.7896;-90.411517;12778;8958
GC11RK9;39.123883;-90.327967;12912;8967
GCQ1HQ;38.996267;-90.738233;12899;8926
GCHDZ7;37.93815;-90.789233;12793;8921
GCKKNK;39.04375;-89.7814;12904;9021
GC146HR;37.785183;-90.416933;12778;8958
GC17CA;39.037183;-90.6761;12903;8932
GC15RNQ;37.780017;-90.4153;12778;8958
GC17D1;39.039217;-90.676333;12903;8932
GC11TGX;37.77945;-90.422383;12777;8957
GC146J1;37.776883;-90.40815;12777;8959
GC146K1;37.780083;-90.426933;12778;8957
GCP21H;37.806117;-89.889317;12780;9011
GC146KG;37.775667;-90.430917;12777;8956
GCX1DF;37.75295;-90.235267;12775;8976
GC13J52;38.97875;-90.80325;12897;8919
GC148F6;37.753483;-90.1489;12775;8985
GC8E1F;37.7845;-90.487483;12778;8951
GCP9M4;37.769283;-90.421183;12776;8957
GC12BYW;37.776533;-90.486417;12777;8951
GC16YY5;38.90205;-90.918333;12890;8908
GC154GW;38.8855;-90.937617;12888;8906
GCV40B;38.272467;-91.098133;12827;8890
GC146MW;37.759717;-90.45055;12775;8954
GC17D3;39.062833;-90.6923;12906;8930
GCMC16;38.228517;-91.084317;12822;8891
GC15THV;39.0682;-89.75045;12906;9024
GCK561;37.73645;-90.2941;12773;8970
GC146MJ;37.757233;-90.44825;12775;8955
GCGEVB;37.7546;-90.442233;12775;8955
GC146N7;37.753467;-90.43725;12775;8956
GC146KZ;37.752433;-90.436133;12775;8956
GCJZBT;37.752967;-90.441383;12775;8955
GCVJXR;38.067733;-90.995333;12806;8900
